Version 0.9.7
5
 4 10 175 77 128 0 1
 5 80 400 206 81 2 2
 0 109 126 877 276 8 3
 1 434 17 206 81 140 4
 3 193 14 203 58 150 5
 0
15
 16711680 5 71 189 71 189 71 140 71 140 162 140 162 140 0 1 0 3
 16711680 5 71 249 71 249 98 249 98 153 162 153 162 153 0 1 0 3
 16711680 5 71 288 71 288 71 374 71 374 162 374 162 374 0 1 0 3
 16711680 5 449 28 449 28 417 28 417 140 396 140 396 140 0 4 0 3
 16711680 5 204 51 204 51 188 51 188 51 188 153 188 153 0 5 0 3
 16711680 5 604 296 604 296 604 296 604 374 604 374 604 374 0 3 0 3
 16711680 5 526 231 526 231 525 231 525 140 526 140 526 140 0 3 0 3
 16711680 5 490 54 490 54 479 54 479 485 526 485 526 296 0 4 0 3
 16711680 5 509 54 509 54 500 54 500 471 539 471 539 296 0 4 0 3
 16711680 5 552 296 552 296 552 296 565 296 565 296 565 296 0 3 0 3
 16711680 5 528 54 528 54 538 54 538 231 539 231 539 231 0 4 0 3
 16711680 5 547 54 547 54 557 54 557 231 552 231 552 231 0 4 0 3
 16711680 5 565 231 565 231 565 231 578 231 578 296 578 296 0 3 0 3
 16711680 5 591 296 591 296 591 505 379 505 379 58 379 58 0 3 0 5
 16711680 5 448 153 448 153 448 86 448 86 449 86 449 86 0 3 0 4
1
 7008 1 14 520 244 5 0 0 0 3
