Version 0.9.7
5
 4 10 175 77 128 0 1
 5 80 400 206 81 2 2
 0 104 140 877 276 8 3
 1 558 11 206 81 140 4
 3 289 10 203 58 150 5
 0
15
 16711680 5 71 189 71 189 71 117 157 117 157 154 157 154 0 1 0 3
 16711680 5 71 249 71 249 94 249 94 167 157 167 157 167 0 1 0 3
 16711680 5 71 288 71 288 71 388 71 388 157 388 157 388 0 1 0 3
 16711680 5 300 47 300 47 300 167 300 167 300 167 300 167 0 5 0 3
 16711680 5 573 167 573 167 573 167 573 80 573 80 573 80 0 3 0 4
 16711680 5 573 22 573 22 534 22 534 22 534 154 534 154 0 4 0 3
 16711680 5 560 245 560 245 560 245 560 154 560 154 560 154 0 3 0 3
 16711680 5 638 310 638 310 638 310 638 388 638 388 638 388 0 3 0 3
 16711680 5 614 48 614 48 602 48 602 183 573 183 573 245 0 4 0 3
 16711680 5 443 310 443 310 443 310 443 388 443 388 443 388 0 3 0 3
 16711680 5 365 245 365 245 365 245 365 154 365 154 365 154 0 3 0 3
 16711680 5 586 245 586 245 586 194 378 194 378 245 378 245 0 3 0 3
 16711680 5 633 48 633 48 642 48 642 192 599 192 599 245 0 4 0 3
 16711680 5 612 245 612 245 612 212 391 212 391 245 391 245 0 3 0 3
 16711680 5 404 245 404 245 476 245 476 54 475 54 475 54 0 3 0 5
2
 7004 1 14 554 258 5 0 0 0 3
 7008 1 14 359 258 5 0 0 0 3
